9.441E-02 1.078E+00 1.541E+00  7.59E-01
8.913E-02 1.065E+00 1.513E+00  7.70E-01
8.414E-02 1.029E+00 1.541E+00  7.66E-01
7.943E-02 9.917E-01 1.567E+00  7.62E-01
7.499E-02 9.383E-01 1.575E+00  7.60E-01
7.079E-02 8.736E-01 1.572E+00  7.59E-01
6.683E-02 8.238E-01 1.537E+00  7.68E-01
6.310E-02 8.243E-01 1.467E+00  7.91E-01
5.957E-02 8.193E-01 1.435E+00  8.02E-01
5.623E-02 7.920E-01 1.426E+00  8.10E-01
5.309E-02 7.788E-01 1.397E+00  8.26E-01
5.012E-02 7.769E-01 1.364E+00  8.44E-01
4.732E-02 7.728E-01 1.338E+00  8.61E-01
4.467E-02 7.726E-01 1.309E+00  8.80E-01
4.217E-02 7.768E-01 1.270E+00  9.00E-01
3.981E-02 8.079E-01 1.210E+00  9.21E-01
3.758E-02 8.439E-01 1.163E+00  9.36E-01
3.548E-02 8.444E-01 1.164E+00  9.37E-01
3.350E-02 8.342E-01 1.163E+00  9.42E-01
3.162E-02 8.274E-01 1.158E+00  9.47E-01
2.985E-02 8.215E-01 1.153E+00  9.53E-01
2.818E-02 8.160E-01 1.151E+00  9.58E-01
2.661E-02 8.102E-01 1.155E+00  9.63E-01
2.512E-02 8.035E-01 1.168E+00  9.68E-01
2.371E-02 7.955E-01 1.193E+00  9.72E-01
2.239E-02 7.855E-01 1.230E+00  9.77E-01
2.113E-02 7.732E-01 1.282E+00  9.81E-01
1.995E-02 7.581E-01 1.346E+00  9.84E-01
1.884E-02 7.393E-01 1.422E+00  9.87E-01
1.778E-02 7.174E-01 1.502E+00  9.89E-01
1.679E-02 6.921E-01 1.582E+00  9.91E-01
1.585E-02 6.637E-01 1.656E+00  9.93E-01
1.496E-02 6.322E-01 1.720E+00  9.94E-01
1.413E-02 5.984E-01 1.768E+00  9.95E-01
1.334E-02 5.630E-01 1.796E+00  9.96E-01
1.259E-02 5.264E-01 1.803E+00  9.97E-01
1.189E-02 4.895E-01 1.790E+00  9.97E-01
1.122E-02 4.514E-01 1.755E+00  9.98E-01
1.059E-02 4.143E-01 1.700E+00  9.98E-01
1.000E-02 3.786E-01 1.629E+00  9.98E-01
9.441E-03 3.442E-01 1.545E+00  9.99E-01
8.913E-03 3.113E-01 1.449E+00  9.99E-01
8.414E-03 2.805E-01 1.344E+00  9.99E-01
7.943E-03 2.518E-01 1.234E+00  9.99E-01
7.499E-03 2.249E-01 1.119E+00  9.99E-01
7.079E-03 2.007E-01 1.005E+00  9.99E-01
6.683E-03 1.784E-01 8.890E-01  9.99E-01
6.310E-03 1.580E-01 7.733E-01  9.99E-01
5.957E-03 1.399E-01 6.595E-01  9.99E-01